20 180
0
1
2
3
4
5
6
7
8
9
10
11
12
13
14
15
16
17
18
19
0 1
0 3
0 4
0 5
0 6
0 9
0 10
0 12
0 14
0 15
1 2
1 4
1 5
1 9
1 10
1 11
1 12
1 16
1 17
1 18
2 0
2 3
2 4
2 5
2 6
2 8
2 11
2 13
2 15
2 18
3 2
3 4
3 5
3 7
3 9
3 11
3 12
3 13
3 15
3 17
3 19
4 2
4 5
4 11
4 12
4 14
4 19
5 4
5 6
5 10
5 11
5 12
5 14
5 18
6 1
6 2
6 3
6 5
6 8
6 9
6 10
6 11
6 12
6 13
6 14
6 15
6 16
6 17
6 19
7 0
7 2
7 4
7 5
7 9
7 11
7 12
7 13
7 17
7 19
8 1
8 3
8 5
8 6
8 7
8 9
8 13
8 15
9 1
9 3
9 4
9 5
9 6
9 7
9 11
9 12
9 14
9 15
9 17
9 19
10 0
10 1
10 2
10 3
10 6
10 7
10 9
10 13
10 14
10 15
11 3
11 4
11 5
11 8
11 10
11 13
11 15
11 18
11 19
12 2
12 6
12 7
12 8
12 11
12 15
12 16
13 1
13 3
13 4
13 5
13 8
13 15
14 1
14 7
14 8
14 11
14 12
14 13
14 15
14 17
15 0
15 1
15 2
15 3
15 5
15 6
15 7
15 10
16 1
16 2
16 4
16 6
16 10
16 11
16 15
16 18
16 19
17 1
17 2
17 3
17 4
17 5
17 7
17 8
17 10
17 11
17 13
18 1
18 3
18 10
18 11
18 13
18 17
19 3
19 4
19 5
19 8
19 11
19 12
19 13
19 16
